0.4107596224004572 2.559343944896351
0.003723455029864644 -0.00623321533203125
0.39775155041668864 1.318117296373522
-0.023621167892064802 0.007266998291015625
0.023664675260844984 0.0015540875886615954
0.0072773175361828925 -0.005746792524288862
0.035792138841417104 -0.009273952907986112
-8.546554076962355 0.24384354382026485
0.01624200510424237 -0.013300784798555596
-6.440627589370266 2.857531923236269
-5.7728390958574085 7.578177981906467
0.11000756213539525 2.2856162221808183
-0.007657885551452637 -0.020889854431152342
0.4426239116771801 3.4520794636494405
0.016288352012634278 0.6966343879699707
0.4342120273693188 2.978147145864126
0.09406344095865886 2.5546978420681423
0.0398097038269043 0.028975963592529297
-5.463467328976362 2.5353988256209936
0.014083771478562128 -0.010759898594447545
-0.019977712631225587 0.7245647430419921
0.014012838664807771 0.8096783286646793
-5.441479206085205 3.21934567964994
0.0662721452258882 -0.014155614943731399
-5.550872476477372 2.5151639235647103
0.031114429235458374 0.0338742733001709
0.04523857661655971 -0.7763146536690848
0.07577045758565266 -0.009008619520399306
0.06928037952732395 0.7837100673366237
0.09190731337576201 -0.05193872162790009
0.08168752018998308 -0.694594499541492
0.18466995857857368 2.2465697623587944
0.08225421416453826 -0.7131994198530148
0.07714803218841552 0.050224018096923825
0.3542109489440918 3.154690456390381
0.07024408641614412 0.008321862471731086
0.016872935824924044 0.07118797302246094
0.06467130309657047 0.03622014899002878
2.2668617248535154 5.0975417137146
0.04448257348476312 0.05552898309169672
0.08428860999442436 0.022919629071209882
0.04881636301676432 0.03354581197102865
0.04190337657928467 0.00845632553100586
0.08197067879341743 0.7428821873020481
0.0616746187210083 0.039424705505371097
0.023972699516697935 0.01017299451326069
2.256337571144104 5.820833492279053
0.5088747607337104 1.8302043279012044
0.04091975495621965 0.8497078354294235
0.11051755792954389 -0.7625414904426125
0.046712455295381095 0.04422596522739956
-4.97361147680948 1.3816565580146258
0.11986298031277126 0.04701423645019531
0.43092389901479083 2.6886832978990345
0.07741880416870117 0.03586042249524916
0.02975140195904356 0.04589381362452651
0.07347942042995144 0.7478314992543813
0.06358261669383329 0.026321074541877296
0.030543908840272485 0.733090935683832
0.06577348709106445 0.8431628459208721
0.07964036271378801 0.022516714560019004
0.06940252251095241 0.039316283331976995
0.054254240459865995 0.010112126668294271
0.49752820862664116 2.6903005176120334
0.07482020060221355 0.030397561880258415
0.5227735280990601 3.1883919715881346
0.08285622847707648 0.8694664804559005
0.4864277710785737 2.6103951737687394
0.10060483056145746 0.019721675563502957
0.08516134321689606 0.0865635871887207
0.040549220108404394 0.7147459634920446
0.0056469657204367895 0.5493144989013672
0.09902626130639053 3.8826734961532967
0.532764752705892 2.708886464436849
0.04379285348428262 0.020516266693940032
0.0892463002886091 -1.4059884207589285e-05
0.0860607419695173 -0.039501953125
0.06960434383816189 0.025137583414713543
0.04394124005291913 0.8579350033321896
0.5099421300386128 2.61674670169228
5.622400835940712 -2.531165173179225
0.024617221620347764 1.143561151292589
0.044713174974596176 2.7420046007311023
0.04092499944898817 -0.0012200673421223958
0.023031152997698104 0.8477790832519532
0.06522455968354877 -0.027886842426500823
0.058346811093782126 0.7890012640702097
0.4688008709957725 3.2250542891652962
-6.384292992678556 0.14546666000828598
0.1513933605617947 0.4581826527913411
5.34932656288147 -0.5495269775390625
0.014936798497250206 -1.2436627839740955
0.11344533217580695 -0.6933388960988898
0.49701038159822164 2.516514627557052
-5.190378737449646 2.4530609130859373
-0.02846050262451172 -1.6203599929809571
0.03125140541478207 0.012495040893554688
0.472990009519789 2.6648104985555015
0.5041778683662415 3.1491565704345703
0.4607794761657715 2.374254035949707
0.422658970481471 2.49312350624486
0.1107167402903239 0.035458352830674916
0.0861160464403106 0.6840503971751143
0.09850222186038368 0.7834269874974301
0.04002311753063667 0.036582109404773244
0.1090086628408993 0.022584129782284006
0.1180928204510663 0.03814604475691512
0.07828727960586548 0.027478408813476563
0.17846720146410394 1.0357846346768467
0.1053275465965271 0.7006649017333985
0.5362754871970729 1.8905013234991777
0.10314632143293108 0.011777387346540179
0.12164253801912875 0.031152982969541807
-5.551604170548289 2.614770487735146
-8.884775903489855 -0.2660959031846788
0.08477621919968549 0.023563385009765625
0.04973418538163348 0.7143651450552592
0.024615790392901446 0.10256329098263302
1.8768029440016973 5.374232700892857
0.026892988305342824 -0.7003124638607627
0.04878852306268154 0.05495227911533453
0.07240027851528591 0.08078903622097439
0.081795240703382 0.045267506649619656
0.11279716491699218 0.0535628182547433
0.3952372794927553 2.3150507904762447
0.05012392997741699 0.8487025366889106
0.055856102391293176 0.004156915765059621
0.05823712735562711 -0.00012547261006123312
0.0371696240193135 0.0436504467113598
0.1196979960879764 0.04849779283678209
0.09698612987995148 0.007222414016723633
0.1124756552956321 2.812942273689039
0.09488609257866354 -0.004760629990521599
0.06585935445932242 -0.008935292561848959
0.08133829556978665 0.005699451153094952
0.07970153263636998 0.059026881626674105
0.06705219317705204 1.906791784824469
0.10117263793945312 0.06224550519670759
0.09407292774745396 0.049123382568359374
0.04492115330051731 0.7714273607408678
0.044986195034450956 -0.021120919121636286
0.09386298463151262 0.05168007515572213
0.05572437628721579 0.028855152619190704
0.007367096449199475 3.928931386847245
0.06226065423753527 0.007513576083713108
0.07024021709666532 0.06861103282255285
0.06846369637383355 0.07092020246717665
0.04662183614877554 0.771213140243139
0.05852556228637695 0.09250044211363181
5.119126490184239 -1.5721071334112258
0.08691451424046566 0.00037655077482524673
-2.650736344827188 -4.658241581272435
0.03353496601707057 0.7908304114090768
-5.060518962580983 1.2515085732064597
-9.41466735391056 -0.3186839608585133
0.45928640365600587 6.713348865509033
0.08652240351626747 0.7940665797183388
0.4248068507124738 3.148486067609089
0.07689662983542994 0.05724645915784334
0.08130429920397307 4.738255550986842e-05
0.08808545808534364 0.009589839626002955
0.027323968069893973 0.8395709446498326
0.06011858219053687 -0.040087164902105565
0.060613036155700684 3.2224019050598143
0.0734966686793736 0.0026139395577566963
0.5660261971609933 2.688035147530692
0.0140711294638144 -2.487970506822741
0.1686229144825655 0.03906508053050322
0.14267057985872836 0.004083891172666807
0.06890068334691665 0.007426093606387868
0.0530756950378418 0.7480038642883301
0.48237995420183455 2.675209699358259
0.09434988763597277 0.020183033413357206
0.08867628434125115 0.045806884765625
5.572128222538875 -2.4061573713253708
-2.648012921616838 -4.697228302826753
0.05641237465110985 0.04038630305109797
0.44009039952204776 2.431632799979968
0.11172421773274739 -0.7193411802634214
0.07806974963137978 0.06369028593364515
0.11373749294796505 0.02691547290698902
-5.249104142189026 3.0979690551757812
0.09260020757976331 0.8078690579063014
0.04635331630706787 0.7645914077758789
0.06777872690340368 -2.262010248695932
6.163808032444545 -2.735907418387277
0.0868731318293391 2.4816067669842696
0.08829813254506964 0.8058529904014186
0.127933474949428 0.039735630580357145
0.07394494508442126 0.7781725431743421
0.08860118572528546 0.024263724302634213
0.09568086862564087 -0.6619002342224121
0.14625068714744166 3.1563922480532995
-6.087037761036942 -7.430274870337509
0.482147583594689 3.1296700697678785
0.5419737815856933 2.7197347368512834
0.1314593685997857 0.81314574347602
-14.617841772131017 -6.429224787531672
2.3234749770746 5.183276851002763
0.08988102062328442 0.03795644399282094
0.0267244747706822 0.7126026153564453
0.09552654538835798 0.012354714529854911
-9.407359908608829 -0.27380236457375917
0.5020052773611886 2.649675532749721
-0.30683039216434255 -5.017900466918945
0.1126971960067749 0.7583779335021973
0.13620204674570183 0.7672093040064761
0.13335398623817846 -2.3431753861276725
0.14805818285260883 0.027883366176060267
0.08668001960305606 0.06446569106158088
0.15031638741493225 0.046875715255737305
0.4957902370355068 3.136948512150691
0.10195662975311279 0.02920045852661133
-5.414930808238494 3.237061525002504
-14.477724777327644 6.081876330905491
0.09408176862276517 0.0998068589430589
0.07300885100113719 -0.6287626969186884
0.4068331360816956 0.5860383033752441
0.5180031214004908 2.494628221560747
-7.233826358143876 1.5032423996343844
0.47117541287396403 2.6441086434029244
0.09430204629898072 0.1701735496520996
0.07737348079681397 0.11189861297607422
0.46940769468035015 2.9921883174351285
0.08825447752669051 0.15173071783942146
0.09195793696812221 0.14613462175641742
0.10962707117984169 0.8726164165296053
0.014157986640930176 -0.6994075775146484
0.09648699638171074 0.7725639343261719
0.16993633476463524 5.030040534766945
0.06931883758968777 0.012198024325900607
0.4854119200455515 -0.6904600043045847
0.08639287948608398 0.00896649747281461
0.11841414191506126 0.030484401818477745
0.1219473021371024 0.06316855294363839
0.1067624845002827 0.8169207321970087
0.5786749615388758 2.6982259189381317
0.08642164866129558 -0.7372159713353866
0.09260851297623073 -0.013699360382862581
0.05311888617438239 0.0027735942118876688
0.12048977443150112 0.04152199881417411
0.5132399860181307 1.9253585213109066
0.10418178013392858 0.0650693620954241
0.11400514490464154 -0.018735885620117188
0.10044097900390625 -0.6923913955688477
-5.252281824747722 2.4473611880571413
0.10141732957628039 0.8310779995388455
0.10721640288829803 0.03703200817108154
0.09181148127505653 0.05174646879497327
0.13645068407058716 0.09557466506958008
-5.836933268441094 3.504445923699273
0.14942637356844815 0.030871189001834755
0.07310632558969352 -0.0010328048314803685
0.4744164882562099 2.445778088691907
-9.42417106628418 -9.59779543195452
0.5295060182872572 2.4960051084819592
0.09378253786187422 -2.4166652277896277
0.08552894076785526 0.06612056010478251
0.08519769296413515 0.724639892578125
0.5402565797170004 2.6560104158189564
0.11151416881664379 0.014087058402396537
0.12588116929337784 0.9212570190429688
0.06696004337734646 0.033396932813856334
0.5266326427459717 3.9518889427185058
0.48337345123291015 1.6124914169311524
0.08948655128479004 0.010839557647705078
2.4795873667064465 5.381705735859118
0.0751331273247214 0.0018761578728170955
-0.6586607764748966 2.2386173921472885
0.03759421800312243 -0.6950256949976871
0.03566989145780865 -2.6939212397525183
0.1363329319726853 3.5104737054734003
0.08713757651192801 0.04766867501395089
0.06959753770094651 0.74158448439378
0.08760992685953777 0.7564433415730795
0.05703169107437134 0.6781570434570312
0.12169470787048339 0.8795565605163574
0.12760521815373346 -0.03887753608899239
0.06701778173446656 0.7035504341125488
0.12537124577690573 0.0728456833783318
0.09150055835121557 0.7789046638890317
0.11708254284328884 0.01809141370985243
0.0830813725789388 1.6040211147732204
0.5353707336797947 2.2714758151915015
0.14617591290860563 0.007169981260557432
0.4234321826213115 7.338602839289485
0.11809035351401881 -0.013355857447574013
0.07634752675106651 0.679978420859889
0.12625851502289642 5.422791970742716
0.05568017457660876 -0.016234046534488077
0.4918031124841599 0.053774061657133554
-3.55552887235369 -6.004412623814174
2.5281414083532385 5.485303621034364
0.12995548475356328 0.006840660458519345
0.05172653198242187 -0.04054203033447266
0.18469755069629565 -0.05840208723738387
0.06453701344931997 -0.6357024588235994
0.45620880126953123 2.3779037475585936
-8.411925939413218 -8.626687856820913
0.03321923707660876 0.049000991018194905
0.028946700849031146 0.7847390425832648
0.44207233037704075 2.4399375915527344
0.3984120913914272 1.572773433866955
0.04288539370974979 0.04691788956925676
0.018828856639372997 0.033251248873197116
0.047890523584877574 0.7359283261182832
0.014491146261041815 0.6919607682661577
0.12148729960123698 0.18386390881660658
0.39980116757479583 2.1809261495416816
0.19273493025037977 2.40609253777398
0.007779701336010083 4.058810878444362
0.045856451376890525 0.060828869159405045
0.05343790752131764 0.6807978560284871
0.024190266927083332 0.026461813184950087
0.13790192475190033 -0.7967136486156566
0.07368121828351702 -0.6166915893554688
5.397129261493683 -2.3878650665283203
0.47144136196229514 2.303032572676496
0.054054614825126454 0.08547171568259215
0.1374269591437446 -2.6371786329481335
0.09076017946810336 0.7850202611974768
0.05291983955784848 0.013896239431280839
0.058603922526041664 0.7648437695625501
0.7829213475072107 6.114434175713118
0.029840660095214844 0.028781236921037946
0.06662241617838542 0.023949305216471355
0.10424763447529561 0.028936025258657093
-4.542243769002515 4.42278147852698
1.8211344612969294 5.269439697265625
0.10540125710623605 0.032764652797154015
0.04800260694403397 0.7747263657419305
0.0036742470481178975 -1.4214246345288826
0.07237836476918813 0.042289115287162164
0.06938884064957902 0.08509125580658784
0.07748214618579762 0.8616118559966216
0.10622029985700335 0.03827383858816964
-6.105371040456435 2.7807780995088467
0.11651992797851562 -0.0076974232991536455
0.06043684823172433 0.026973397391183037
0.05362219688219902 0.7772735204452124
0.12051721623069361 0.0551782909192537
0.10805590152740478 0.8191482543945312
-5.201534771919251 3.1528957366943358
0.11034599939982097 0.7584609985351562
0.05731367453550681 -2.623810499142378
-4.761796997814644 4.344304898890053
0.5746815625359031 2.9925312715418197
0.12950529196323493 -0.678499759771885
0.13941391094310865 0.7994460028571051
0.12695325745476616 0.8276124530368381
0.4489949345588684 1.7307013511657714
0.09961926309685958 0.004544609471371299
0.09330044852362739 0.7818205091688368
0.104847594669887 0.8484280177525112
0.11747308781272486 0.053136624787983144
0.5416400035222372 2.723806275261773
0.09793392419815064 0.8282384872436523
0.17276298298555262 0.10197168238022748
0.12861568927764894 4.450639343261718
0.13241360062047056 0.868913449739155
-8.90805128458384 -9.10145311097841
0.1803339406063682 0.09604775278191817
0.45530158595034953 1.765370117990594
0.08018737369113499 0.02363321516248915
0.08412224207168971 0.09729424501076722
0.09103587865829468 0.8015026092529297
0.08939067737476246 -0.6389727205843538
0.12413834200965033 0.07975292205810547
0.15792690179286858 0.05509802011343149
0.15348011738545186 0.14176610998205236
0.21232643880342184 3.0853639903821444
0.09182980186060856 -1.5895430916234066
0.10171950735696932 -0.6443819185582603
0.1617851802280971 0.09991629464285715
0.5549101340465057 3.253704853546925
6.423076910131118 -2.739529665778665
6.597457567850749 -2.7973425894072563
0.5027333498001099 2.4144648551940917
0.4805643331436884 2.3292837597074962
0.19771930498954576 4.14417961316231
0.07729872465133666 3.2912837982177736
0.5769440944378192 5.946664076585036
0.11057618948129508 0.7336658575595953
0.46735889381832546 2.6175288094414606
0.0741315550274319 -7.883707682291667e-05
0.1281045320871714 0.06417702339790962
0.07852512750870143 3.3999119293995395
0.6158492626287998 2.5435602237016726
0.11779370452418472 0.11344123609138257
1.2048438819679055 1.001563716579128
0.1795318001195004 0.12945375944438733
0.09702417012807485 0.7770844536858637
0.13130847613016763 0.06405258178710938
0.12351164064909283 0.0574393021432977
0.14069936149998716 0.7974652742084704
0.10376715660095215 0.8202500343322754
0.44427967071533203 2.3917637336544875
0.4969055312020438 3.334203356788272
0.12967395782470703 0.739805661714994
0.14832688666678764 0.7779896710370038
0.09529450000860752 0.8423277047964243
0.5275906293820112 2.504791259765625
0.014239450780356802 -1.7860098117735328
0.06579693385532924 0.06485639299665179
0.13756863276163736 0.8073690202501085
0.4711165428161621 3.0720541000366213
0.07105088845277444 0.8601397000826322
0.13990537325541177 0.05059411790635851
0.20704000874569542 0.2518924913908306
0.14663224750094944 -0.7229836781819662
0.12664037001760384 0.11636954859683388
0.13454581595755913 0.8285121402224979
0.09334162119272593 0.10810975770692567
0.08340577518238741 0.060803581686580885
0.11451642172677176 0.12546986171177454
0.12568609531109148 0.8329436473357372
5.554035015595265 -1.7466603792630708
-0.8883120952508389 5.093775920378856
0.07458565686200117 0.7938175716915646
0.03177605177226819 0.43041891800729853
0.09518383608924018 0.1166322496202257
-7.948508785992134 -8.15739859604254
0.22796083899105296 2.5296498466940487
0.10962403126252003 0.855003161308093
0.13313410832331732 0.8514821957319211
0.034766722948123246 0.7528942792843549
0.48508808612823484 3.199558067321777
0.13825233359085887 0.009571276212993422
0.5588166918073382 2.7439397539411274
-0.5212169446443257 13.088552876522666
0.14267935752868652 0.7487327575683593
0.1534332831700643 -1.1305858823988173
0.09184726079305013 0.07116646236843532
0.11277310053507487 0.07918230692545573
0.27919251578194754 2.399775586809431
0.11395212320181039 0.04516924344576322
0.408779087520781 2.969509760538737
0.11393657922744752 0.7393092155456543
0.064996912672713 0.044634535505964947
0.09904570328561883 0.07728837665758635
0.08242181452309214 0.7395998326743521
0.16870029552562818 -0.029055724272856843
0.19731997188768888 1.0525867060611123
0.09683514896192048 0.07294122796309621
6.82707953453064 -0.13063542983111212
-0.19912250418412059 0.8089969032689145
0.09899035367098721 0.020975517504142994
0.13359753709090383 0.09637501365260075
0.10023865555271957 0.019245032108191288
0.07885687691824776 0.049119785853794645
0.20052562615810296 0.789244627341246
0.15052143265219295 0.07726254182703354
5.810567958934887 -2.466803267195418
0.07634090052710639 0.08901182810465495
0.10765742120288667 0.7897802080426898
0.11364893913269043 0.8019079208374024
-2.413002576583471 -4.451773227789463
0.10565868176912006 0.06510322972347862
0.07121465206146241 0.012243556976318359
0.5236567935428104 2.636305009996569
0.5136025190353394 3.121760845184326
5.1062146455813675 -6.520679376064202
0.0792552071648675 0.7772829210436022
0.10821741383250166 0.09342426207007432
-5.279454183578491 0.5801505088806153
-5.116460108757019 2.4524561882019045
-9.105993019209969 -9.191563818189833
-7.427454687300182 -5.023059572492327
0.3523905390784854 1.1491186959402901
0.14750012835940798 0.057732968717008025
0.10868699927079051 0.11629937824450041
0.1660618405593069 0.8307904695209704
-8.901924004425874 -8.28540915411872
0.1885491118711584 -0.03776482974781709
0.07302458221847946 0.030703673491606843
0.19697966073688708 0.6933038611161081
0.13219813108444214 0.158050537109375
0.15484311845567492 0.8531650967068143
0.4891872650537735 2.5210237747583633
0.17029074618690893 -0.6360482667621813
0.13842596505817614 0.8475695158305921
0.08723273148407808 -1.7971936818715688
0.07699711699234812 1.2489482478091591
0.10597080503191267 0.09094042096819197
-4.843396723270416 4.840229797363281
0.19026503911832485 0.7492351066775438
-3.120752591353196 -4.560711004795173
0.1362856438285426 0.12361877842953331
0.11762495040893554 0.7964012145996093
0.5211701154708862 3.104116153717041
0.1288026921889361 0.09924518360811121
0.016278121206495497 -1.4863668017917209
-5.531363135889957 3.3162120015997636
-7.950775548031456 1.4873475526508533
0.09732945760091145 0.09023157755533855
0.14082002639770508 0.0998227596282959
0.11027341418796116 0.038731786939832896
0.050604328964695786 0.07393160733309659
0.14367093266667547 0.08710273536475929
0.07156983543844785 0.03722370372099035
0.16707825660705566 0.08949936760796441
0.13643744587898254 0.04618370532989502
0.06364680625296928 0.09098630338101774
0.15974740187327066 0.09107557932535808
0.13809772638174203 0.7885085863944812
0.12449881837174699 0.12952237515836149
0.03986498968941825 -2.1292428152901786
0.13209036069038588 2.694749196370443
0.14223873293077624 0.02596334508947424
0.15663137668516577 0.6392004431747809
0.09941932317372915 0.051362939783044764
0.06982258038643079 0.7783906398675381
0.11366500352558337 -0.7214334387528268
0.0522676876613072 0.704292479015532
0.09733621279398601 0.014861954583062066
0.16164544049431295 0.07244098887724035
0.0982484363374256 0.04800451369512649
0.10451312967248864 0.8365357888711465
0.05563426629090921 -1.878665532821264
0.061513941628592354 -0.9806800842285156
0.08451579068158124 0.8177589210304054
0.1733781099319458 0.037551667955186635
0.5064681126521184 3.2005921388283753
-7.128062976034064 2.0117453524940894
0.15912020512116262 0.7258619650816306
-5.28333044052124 5.969395637512207
0.1708964705467224 0.036040544509887695
0.10489414833687447 -0.7369740460370038
0.0698410498129355 -0.6862085703256968
0.13282023668289183 0.7932476043701172
0.5421995057000054 2.678919898139106
-0.014794349670410156 -1.1356316543206937
0.06558287143707275 0.0281776852077908
0.08501743625950169 0.055175162650443414
0.16956655602706106 -0.021807520013106495
0.03684447152273995 0.9237093244280133
0.1540868456770734 -0.623268220482803
0.011368775979066506 -0.6162058512369791
0.071965870104338 0.8276384253250925
-4.8624018513879115 2.242763962856559
0.09991217914380525 -0.7509432340923109
0.5400532044862446 2.46928566380551
2.4092565536499024 5.80164155960083
-9.913666320569588 -7.4128851457075635
0.17764859586148649 0.03290898091084248
0.10067331468736804 -0.025292370770428632
0.03887858757605919 0.7194869212615185
0.15293995109764305 -0.0464527027027027